 ,4B,8B,16B,32B,64B,128B,256B,512B,1K,2K,4K,8K,16K,32K,64K,128K,256K,512K,1M,
 4K, 7.1, 7.1, 7.1, 6.4, 6.6, 6.6, 7.0, 8.4, 5.9, 5.4,
 8K, 2.6, 7.1, 7.1, 7.1, 7.2, 6.5, 6.6, 6.7, 8.3, 5.8, 5.4,
 16K, 2.6, 2.6, 2.6, 2.6, 2.6, 2.5, 2.3, 1.8, 1.3, 0.6, 0.2, 0.2,
 32K, 2.6, 2.6, 2.6, 2.6, 2.7, 2.7, 2.6, 2.3, 1.8, 1.3, 0.6, 0.2, 0.2,
 64K, 2.6, 2.6, 2.6, 2.6, 4.4, 4.1, 4.1, 4.2, 3.9, 4.1, 3.1, 0.6, 0.2, 0.2,
 128K, 2.6, 2.6, 2.6, 2.6, 4.6, 4.6, 4.2, 4.2, 4.1, 5.2, 4.1, 3.1, 0.6, 0.2, 0.2,
 256K, 2.6, 2.6, 2.6, 2.6, 4.7, 4.8, 4.5, 4.3, 4.1, 5.5, 5.2, 4.1, 3.1, 0.6, 0.2, 0.2,
 512K, 2.5, 2.5, 2.5, 2.6, 5.2, 6.0, 7.7, 7.3, 7.4,10.6,10.6,10.8, 8.6, 6.9, 0.6, 0.2, 0.2,
 1M, 7.1, 7.2, 7.1, 7.1, 7.1, 7.2, 7.6, 8.7, 9.0,13.8,14.0,14.1,14.2,14.4,14.8, 8.4, 5.9, 5.4,
 2M, 2.5, 2.5, 2.6, 2.6, 4.8, 6.0, 7.7, 7.3, 7.4,10.6,10.7,10.6,10.8,10.7, 9.7, 6.9, 0.7, 0.3, 0.2,

