 ,4B,8B,16B,32B,64B,128B,256B,512B,1K,2K,4K,8K,16K,32K,64K,128K,256K,512K,1M,
 4K, 1.4, 1.4, 1.4, 1.4, 1.3, 0.1, 0.1, 0.1, 0.1, 0.1,
 8K, 1.4, 1.4, 1.4, 1.4, 1.4, 1.3, 0.1, 0.1, 0.1, 0.1, 0.1,
 16K, 1.4, 1.4, 1.4, 1.4, 1.4, 1.4, 1.3, 0.1, 0.1, 0.1, 0.1, 0.1,
 32K, 1.5, 1.4, 1.4, 1.4, 1.5, 1.5, 1.4, 1.3, 0.1, 0.1, 0.1, 0.1, 0.1,
 64K, 1.4, 1.4, 1.5, 1.6, 4.1, 4.2, 4.1, 3.9, 3.9, 1.1, 0.5, 0.1, 0.1, 0.1,
 128K, 1.5, 1.5, 1.5, 1.7, 4.3, 4.6, 4.9, 4.9, 4.9, 5.2, 1.3, 0.5, 0.1, 0.1, 0.1,
 256K, 1.5, 1.5, 1.5, 1.6, 4.2, 4.5, 4.7, 4.7, 4.6, 5.1, 4.9, 1.2, 0.5, 0.1, 0.1, 0.1,
 512K, 1.5, 1.5, 1.5, 1.8, 4.4, 5.8, 7.5, 7.8, 8.9,10.9,12.2,10.1, 2.1, 1.1, 0.1, 0.1, 0.1,
 1M, 1.5, 1.5, 1.5, 1.8, 4.4, 5.8, 7.5, 7.8, 8.8,10.8,12.1,12.1, 9.9, 2.6, 1.2, 0.1, 0.1, 0.1,
 2M, 1.5, 1.5, 1.6, 1.9, 4.6, 6.5, 9.0, 9.5,11.1,13.8,15.4,12.1,12.1, 8.3, 2.1, 1.2, 0.1, 0.1, 0.1,

